5.000000000000000000e-01
8.752255979032286248e-01
8.752255979032286248e-01
9.872093120899525509e-01
1.263747705602574989e+00
1.654811825149945070e+00
2.715649317682915509e+00
2.715649317682915509e+00
3.039932236665933374e+00
3.039932236665933374e+00
3.277683403241874682e+00
3.277683403241874682e+00
3.277683403241874682e+00
3.449484534421729531e+00
3.449484534421729531e+00
3.449484534421729531e+00
3.449484534421729531e+00
3.662662121481375266e+00
3.662662121481375266e+00
3.662662121481375266e+00
3.662662121481375266e+00
4.031333089277846504e+00
4.052412368066113046e+00
4.052412368066113046e+00
4.179094063313830709e+00
4.179094063313830709e+00
4.179094063313830709e+00
4.215222839077070738e+00
4.215222839077070738e+00
4.308051800573256429e+00
4.308051800573256429e+00
4.586335132939790782e+00
4.448025747195444524e+00
4.448025747195444524e+00
5.305329393356257306e+00
5.356482009389286425e+00
4.960276267179270171e+00
4.916190970895573997e+00
4.916190970895573997e+00
4.916190970895573997e+00
4.916190970895573997e+00
4.916190970895573997e+00
5.233815285047969112e+00
5.233815285047969112e+00
5.496339618267986005e+00
5.496339618267986005e+00
5.571162978173806124e+00
5.653867608554776325e+00
5.774188475874314719e+00
6.334130746353398678e+00
6.334130746353398678e+00
6.141569112389359653e+00
6.141569112389359653e+00
5.577485551934212360e+00
5.577485551934212360e+00
5.523652613462421535e+00
5.523652613462421535e+00
5.513740467419578906e+00
5.513740467419578906e+00
5.356500495921170391e+00
5.727028326876798303e+00
5.887528032644367748e+00
6.302876417956377431e+00
6.302876417956377431e+00
5.505347493578972795e+00
5.505347493578972795e+00
5.015446553885471559e+00
5.015446553885471559e+00
4.984853594929512077e+00
5.138098750946464399e+00
5.182512665472695623e+00
5.182512665472695623e+00
5.203056107532454178e+00
5.203056107532454178e+00
4.974397779808374054e+00
5.093173551562492740e+00
5.184880909583089448e+00
6.040793078165796359e+00
5.916127275525313145e+00
5.916127275525313145e+00
5.916127275525313145e+00
5.916127275525313145e+00
5.916127275525313145e+00
5.916127275525313145e+00
5.916127275525313145e+00
5.490365751715638787e+00
5.490365751715638787e+00
5.592465436637481524e+00
6.156979571728747658e+00
6.156979571728747658e+00
6.413236078615825342e+00
5.850380998842223512e+00
6.003574346365947001e+00
6.967900747453365184e+00
6.546819051786354926e+00
6.418505595111737350e+00
6.418505595111737350e+00
6.206073181743277267e+00
5.647411309186707307e+00
5.679219689211342903e+00
5.805676573727150291e+00
5.805676573727150291e+00
5.805676573727150291e+00
5.805676573727150291e+00
5.805676573727150291e+00
5.456311552774173457e+00
5.490926609794212432e+00
5.798543235706191901e+00
6.692944830262331557e+00
6.502053894154095737e+00
6.167954094447506641e+00
5.851584164685915468e+00
5.297356316653084818e+00
5.297356316653084818e+00
6.008805402415775987e+00
6.018173799692466019e+00
6.018173799692466019e+00
6.724512013861890125e+00
6.481849845742729599e+00
6.965294319108754628e+00
6.965294319108754628e+00
5.810192824411814172e+00
5.738129251213923254e+00
5.381272397939264707e+00
4.313448193421707266e+00
5.442534017093496601e+00
5.724340073324882816e+00
5.492193316442076423e+00
5.328434642479753514e+00
5.328434642479753514e+00
5.328434642479753514e+00
6.073854264525023972e+00
5.892481194867235317e+00
6.142183142179558963e+00
5.593536981385991425e+00
5.593536981385991425e+00
5.302841216343180619e+00
5.718671451755237278e+00
5.718671451755237278e+00
5.510275917047271932e+00
6.055983368239783893e+00
5.311558563261645105e+00
5.311558563261645105e+00
5.311558563261645105e+00
5.386837257239780463e+00
5.859400734873075223e+00
5.332190599631364769e+00
5.914441935681900908e+00
6.184000968643092122e+00
5.663891090904392911e+00
5.522991075805105510e+00
5.359564189980924098e+00
5.359564189980924098e+00
5.417946915623578441e+00
5.812183947152360197e+00
6.196198864529968375e+00
6.326469924711290993e+00
7.231355797836556576e+00
6.939219290928077655e+00
7.102665205786375502e+00
7.040204872497514366e+00
6.926191733926530425e+00
6.816897340363090585e+00
7.007635482490901069e+00
7.325402558751250126e+00
7.426393196989542034e+00
8.358515318031228603e+00
8.358515318031228603e+00
8.358515318031228603e+00
8.214287296420257789e+00
7.872181334091439275e+00
7.629715496042448919e+00
7.225633066804171278e+00
7.004506646287249616e+00
7.004506646287249616e+00
7.004506646287249616e+00
7.058438369896397724e+00
6.598011628883095447e+00
5.497733328578544132e+00
5.417598739127276630e+00
4.811987179158482952e+00
4.681388429305823884e+00
4.754683094243556951e+00
4.531727074973985303e+00
4.629144918522701602e+00
5.064445042022476251e+00
5.340765453887745373e+00
5.340765453887745373e+00
5.393265557408009947e+00
5.601960386904159428e+00
5.894271915902596248e+00
6.346783076458120121e+00
6.288703982687692928e+00
6.288703982687692928e+00
6.419749956427340365e+00
5.974909368248686015e+00
6.399090207358638871e+00
6.674866505921861481e+00
6.728034783133371555e+00
6.728034783133371555e+00
5.863999548345374180e+00
6.391650147560449469e+00
6.391650147560449469e+00
6.391650147560449469e+00
5.845026309953718524e+00
5.845026309953718524e+00
6.940327820724921715e+00
5.924471680613971003e+00
5.980475814677483015e+00
6.730578553436484590e+00
6.730578553436484590e+00
6.793078377696657455e+00
6.743555515915249821e+00
7.516529739170707103e+00
6.987972904500384885e+00
7.109421569309218647e+00
7.109421569309218647e+00
7.287464551870447949e+00
7.275081958769158419e+00
7.267489952201639625e+00
6.653726140047820259e+00
6.768469541756314101e+00
6.768469541756314101e+00
6.660791538745748142e+00
7.144371281114644034e+00
6.136810386844850917e+00
6.213076835782373131e+00
6.487384990980287647e+00
6.487384990980287647e+00
6.199755452513836751e+00
6.231522810976996674e+00
5.674719157865090402e+00
5.308654639420761434e+00
5.436564827472794903e+00
5.533760120600782706e+00
5.940640162588918471e+00
6.856369507066174762e+00
6.008305623430971742e+00
5.457382323225258069e+00
4.224502373126052035e+00
4.224502373126052035e+00
4.089674506970982115e+00
3.841149340958177394e+00
3.972917155870433703e+00
4.681032538542514665e+00
5.281357640942897724e+00
5.799290216051300462e+00
5.376403878473932529e+00
5.376403878473932529e+00
5.376403878473932529e+00
5.376403878473932529e+00
4.928775000287282992e+00
4.724510064410233134e+00
4.256589501391174757e+00
4.898805298907562999e+00
5.340870952573833819e+00
5.340870952573833819e+00
5.399570109573989640e+00
5.586522450339177048e+00
5.990445539319045665e+00
5.773002102651068945e+00
5.773002102651068945e+00
5.639279920711278038e+00
5.575891297253486201e+00
5.575891297253486201e+00
5.421504176160775401e+00
5.703712585592245254e+00
5.962035623115819583e+00
5.956336619513185049e+00
5.432570258720194722e+00
5.790603637280349325e+00
5.505795208326599521e+00
5.044542149273660847e+00
5.044542149273660847e+00
5.047555904179835906e+00
5.003085941377995560e+00
5.010732686215950693e+00
4.903632552650108778e+00
5.374748005827276742e+00
4.945340159102306288e+00
4.617457183202781756e+00
4.660432932915744786e+00
5.159841793805833632e+00
5.159841793805833632e+00
5.159841793805833632e+00
5.243662474050709399e+00
5.064226049381443495e+00
4.935106005749460678e+00
5.380622816604284431e+00
5.241585624239814223e+00
4.984788713875978772e+00
5.062029759449599986e+00
5.098235494610541707e+00
5.098235494610541707e+00
5.231937960559430500e+00
5.231937960559430500e+00
5.625298945539675799e+00
5.584930393762225442e+00
6.166179949164192209e+00
6.424312317369790470e+00
6.495195972020793462e+00
6.657217033998593436e+00
6.838290651286610178e+00
7.324383877212177651e+00
7.324383877212177651e+00
6.886475529555903030e+00
6.536717046388450747e+00
6.250021577154219798e+00
5.691887694157355071e+00
5.269238638756587711e+00
5.236956736227973863e+00
5.098458084872695473e+00
4.720748062612961427e+00
4.720748062612961427e+00
4.757945500155847718e+00
4.720729157107155238e+00
4.424057987330734854e+00
4.376986311736790647e+00
4.946305598634424427e+00
4.946305598634424427e+00
5.079914849537679800e+00
5.436444773961309096e+00
4.831390032210494567e+00
4.831390032210494567e+00
5.145244893516661477e+00
5.030727687916954238e+00
5.986778880009135939e+00
5.679933375200429957e+00
5.679933375200429957e+00
5.712568836680823381e+00
6.046771889556418422e+00
6.046771889556418422e+00
6.119787992690360667e+00
6.119787992690360667e+00
6.392905919184141084e+00
6.569396030639720330e+00
5.561020789829900224e+00
5.547733232020880756e+00
5.547733232020880756e+00
5.338834067627657554e+00
5.910832965617585977e+00
6.718030396874530297e+00
6.861563093832520721e+00
6.550057008610063569e+00
6.405950725865245943e+00
6.405950725865245943e+00
6.405950725865245943e+00
6.464975479832253846e+00
5.992896545926805096e+00
5.992896545926805096e+00
5.730424722246417524e+00
5.730424722246417524e+00
5.678939833858228425e+00
5.678939833858228425e+00
6.087851299889573298e+00
5.939986572557069522e+00
5.377575064133406357e+00
5.337191331528766014e+00
6.112314069262138716e+00
5.908498276199608767e+00
5.496847191013661593e+00
5.629753292163137246e+00
6.034979256159029859e+00
6.034979256159029859e+00
6.034979256159029859e+00
6.284348732916593683e+00
6.529665073799622022e+00
6.393073244984062597e+00
6.434808397279500269e+00
6.527003372606784204e+00
6.880974213121032967e+00
6.438209458449902556e+00
6.073105305951006727e+00
6.073105305951006727e+00
6.598826349505116262e+00
6.426921057111840696e+00
5.537835754845544578e+00
6.163643042732079635e+00
6.815019223937422765e+00
6.557066255037271141e+00
6.208962973039201749e+00
6.208962973039201749e+00
6.395774585555765945e+00
6.395774585555765945e+00
6.535300201989761248e+00
6.849297446057408756e+00
6.849297446057408756e+00
6.849297446057408756e+00
6.614135024333140045e+00
5.629238665932144059e+00
5.913798487661916070e+00
5.809761384814294161e+00
5.809761384814294161e+00
6.178709563166082219e+00
6.178709563166082219e+00
6.055699590911510555e+00
6.055699590911510555e+00
5.322029892381594962e+00
5.703906494153594409e+00
6.627793143674746368e+00
6.877128293116675728e+00
6.877128293116675728e+00
7.319692335000968164e+00
7.319692335000968164e+00
6.796985985136934083e+00
6.712933051740890278e+00
5.786781689699392217e+00
6.195010698384423087e+00
6.319520457780187783e+00
6.474018030092000053e+00
6.236503552586649235e+00
6.224459420165964652e+00
6.224459420165964652e+00
6.224459420165964652e+00
6.749963622889632475e+00
6.731878871679371379e+00
6.710780702161422973e+00
6.710780702161422973e+00
6.346247613148617184e+00
6.245938202165008946e+00
6.307345334567031614e+00
5.834392292303999916e+00
6.015983212911589106e+00
6.015983212911589106e+00
5.536842821666463799e+00
6.085281055322155908e+00
5.660634763557026439e+00
6.071179793762111920e+00
5.900038580556997481e+00
5.900038580556997481e+00
4.567923117432509450e+00
4.830142155907425128e+00
4.874309998650579345e+00
4.874309998650579345e+00
4.899438784046102668e+00
5.137435245338046741e+00
4.788514460192247135e+00
4.788514460192247135e+00
4.660867215507583872e+00
4.660867215507583872e+00
4.660867215507583872e+00
4.299992099736014595e+00
4.299992099736014595e+00
4.332385998642937608e+00
4.647843201498196741e+00
5.373491301915256813e+00
4.742049342177807603e+00
5.439503721557667149e+00
5.343443485510189106e+00
5.275362899536562011e+00
5.946627303906792505e+00
6.044686730894716753e+00
6.044686730894716753e+00
6.044686730894716753e+00
4.857850940091695158e+00
4.857850940091695158e+00
4.857850940091695158e+00
4.751313434644061751e+00
4.163691999375738639e+00
4.163691999375738639e+00
4.163691999375738639e+00
5.626947828963531073e+00
6.213808686233144307e+00
6.741900532490619824e+00
5.788967651366422551e+00
5.788967651366422551e+00
5.339697030686116896e+00
5.618885929576086014e+00
5.932768115226716432e+00
6.377148932162972628e+00
6.099635980068707219e+00
6.072106744046883442e+00
6.072106744046883442e+00
6.072106744046883442e+00
6.363847767786240617e+00
5.936246114811696728e+00
6.257740835587988215e+00
6.022167015748065566e+00
6.055884869906562606e+00
5.741398207652825825e+00
5.741398207652825825e+00
5.261855043917167407e+00
5.261855043917167407e+00
5.261855043917167407e+00
5.454639970179360198e+00
5.454639970179360198e+00
5.600507657733683864e+00
5.852693892285818933e+00
6.210769578428985582e+00
6.222813122917392192e+00
6.194434207152572647e+00
6.788970733697769155e+00
7.058708559424875517e+00
6.946358367609687612e+00
6.684107224690482241e+00
6.558598365649200623e+00
5.280701641465091356e+00
5.518975941117420625e+00
5.859453104488017594e+00
5.992096369870124839e+00
5.992096369870124839e+00
5.981169027607457167e+00
5.673071017462937071e+00
5.914559595419358828e+00
5.910393606179646930e+00
5.909599589684278342e+00
6.227828197674893040e+00
6.879389362423111720e+00
7.076321694570614440e+00
7.076321694570614440e+00
7.430976732199412460e+00
7.768793238525560696e+00
7.304166201220199994e+00
7.876988115862944007e+00
6.897357213669004672e+00
6.913249951970629859e+00
6.913249951970629859e+00
7.307561861149174831e+00
7.307561861149174831e+00
7.070481334544509444e+00
6.856643540023604544e+00
7.397206476824115917e+00
7.397206476824115917e+00
7.397206476824115917e+00
6.674893317647187629e+00
6.156268499465468835e+00
5.526052780939354925e+00
5.526052780939354925e+00
5.079377730562966597e+00
4.710048773063998162e+00
4.710048773063998162e+00
4.989595686209496783e+00
4.963971716557458613e+00
5.443136100703758196e+00
5.581932755928887602e+00
5.798003465224531361e+00
5.798003465224531361e+00
6.102452717662973924e+00
6.290451521399425872e+00
5.480480025546587086e+00
4.958865709778417674e+00
5.106027902999378476e+00
4.653256689641338539e+00
4.653256689641338539e+00
4.571617835199939250e+00
4.857519172895580439e+00
4.508713706346191508e+00
4.508713706346191508e+00
4.508713706346191508e+00
5.087904774614194103e+00
5.087904774614194103e+00
4.519487170155123579e+00
4.442945846541100252e+00
4.513313360906320959e+00
4.733402777110195636e+00
5.380477423586920160e+00
5.536260782928619228e+00
5.536260782928619228e+00
5.789528022715967559e+00
5.121362115471606025e+00
5.272106742757229902e+00
5.053659337466838153e+00
5.266849206996900179e+00
5.266849206996900179e+00
5.266849206996900179e+00
5.266849206996900179e+00
5.119155730053424946e+00
4.528247737725200395e+00
5.112114796531664673e+00
4.509875234990942339e+00
4.595099427757630473e+00
4.929658589881651842e+00
5.934120202878711225e+00
6.001688023162131458e+00
5.845122012692362645e+00
5.067920127385411533e+00
5.334579027242982718e+00
5.611237307505112959e+00
5.211125216333508448e+00
5.098927479884902247e+00
5.658843971789510263e+00
5.658843971789510263e+00
5.655552265906678144e+00
6.564570568989777755e+00
6.564570568989777755e+00
6.445019367050790038e+00
6.672613274677794415e+00
6.732571739830248703e+00
7.049438532813043778e+00
7.163216919100293012e+00
7.163216919100293012e+00
7.163216919100293012e+00
6.787164493018696731e+00
6.792098997713177155e+00
6.234917002080557324e+00
5.829274529746158784e+00
5.670845863504324846e+00
5.162920938778923663e+00
5.032474738559531424e+00
4.716618243506553121e+00
4.433908595993332646e+00
5.153861934056669369e+00
5.499775277612995339e+00
5.889007063037368539e+00
6.556447564091189228e+00
6.309931674865717710e+00
6.309931674865717710e+00
5.693019655074994745e+00
5.490982790999408891e+00
5.490982790999408891e+00
5.325112932396685927e+00
4.899637954135140916e+00
5.027902487776209739e+00
5.630694538620892864e+00
5.497005294004013720e+00
4.928206176546407136e+00
4.928206176546407136e+00
5.268645792920094273e+00
6.016540778289531488e+00
5.949299094666939069e+00
6.320709477907507257e+00
6.032994921129420263e+00
5.555156298195204734e+00
5.589851626077622981e+00
5.118500154158339477e+00
4.962695117578774351e+00
4.990480041023666935e+00
5.191520336951947812e+00
5.400679436921642207e+00
5.445679424856580297e+00
5.546476006331799269e+00
5.495225335858808791e+00
6.067589271909543669e+00
5.609164583841748986e+00
5.837467923490267552e+00
5.907778875230410343e+00
5.363619779640544039e+00
5.303929742806060332e+00
6.063271239054745188e+00
6.063271239054745188e+00
6.063271239054745188e+00
6.067015312458848619e+00
5.229359963414974111e+00
5.229359963414974111e+00
5.623406009808837425e+00
5.623406009808837425e+00
6.156396179700401206e+00
5.290816628970369528e+00
5.626460397351129572e+00
5.418420927937557252e+00
5.457455428114347917e+00
5.855989159860470750e+00
5.461830954876318422e+00
5.846447824271039373e+00
5.789194563056462961e+00
6.328936047403436405e+00
6.328936047403436405e+00
6.138151914858442915e+00
5.895988251775370337e+00
5.436932524388409682e+00
5.566973899895121924e+00
6.150976346345840895e+00
6.480361793242224167e+00
6.480361793242224167e+00
5.200787102385108440e+00
5.029820485250830586e+00
4.841310520531851402e+00
4.568645233784245363e+00
5.068861699471153059e+00
5.532908671374114462e+00
5.647787092410691656e+00
5.647787092410691656e+00
5.190612742250622524e+00
5.469205118744107530e+00
5.749525597110057618e+00
5.723247560035361836e+00
5.903960967289711981e+00
5.212628462459593770e+00
5.753489526813131860e+00
6.143154103709220770e+00
6.238756395409486011e+00
6.147592795557544676e+00
6.352813259260187806e+00
6.203783332255627947e+00
6.672858664756801339e+00
6.811097636838922220e+00
7.342646690328414216e+00
7.342646690328414216e+00
7.691205335199545523e+00
6.717414826559693353e+00
6.432102348989811702e+00
6.201206448221046941e+00
5.572121097655663213e+00
5.572121097655663213e+00
5.207746561069297897e+00
5.373811370958795131e+00
5.072391360406457217e+00
5.072391360406457217e+00
5.072391360406457217e+00
5.072391360406457217e+00
5.072391360406457217e+00
5.072391360406457217e+00
5.192260135214924688e+00
5.325502245777769872e+00
5.285157239700553511e+00
5.711981129224372289e+00
5.881893150243989510e+00
5.812606586927349106e+00
5.812606586927349106e+00
6.365717177595059617e+00
6.681548915009607015e+00
6.469927394010824173e+00
5.675521935609509683e+00
5.863882447271379306e+00
6.230521240990236187e+00
5.315680296931398097e+00
5.309141919084298777e+00
5.437707206686318351e+00
5.686497272805055125e+00
6.294927866544126616e+00
6.294927866544126616e+00
6.301467324697731520e+00
6.122487276983506810e+00
6.476304237546535170e+00
6.476304237546535170e+00
6.476304237546535170e+00
6.583779742348625064e+00
6.583779742348625064e+00
6.995646812479813015e+00
6.995646812479813015e+00
7.879962521648498530e+00
7.879962521648498530e+00
7.584532856247106380e+00
7.621897129038538665e+00
7.188398596578818633e+00
7.188398596578818633e+00
7.188398596578818633e+00
7.096821864072296648e+00
6.395347709606287623e+00
6.758083998999220299e+00
6.618470582186100515e+00
6.990871824779796739e+00
7.163339276890731355e+00
7.052746463608038141e+00
7.052746463608038141e+00
7.052746463608038141e+00
7.198774248635062101e+00
7.068104846264857244e+00
6.635829802753959505e+00
6.575088601627444795e+00
6.556869149718261625e+00
6.109024258880818792e+00
6.485549544813919098e+00
5.552497049596723855e+00
5.226226279601092095e+00
5.577977560209566477e+00
5.904309424799364159e+00
6.143368344231174838e+00
6.143368344231174838e+00
6.229262821464274680e+00
5.929443226242042009e+00
5.770100889343923178e+00
5.943818727358836540e+00
4.894388918395695676e+00
5.173726696763808697e+00
5.155464500449314258e+00
6.486169319949278034e+00
6.660716712692140717e+00
6.965601669346267677e+00
6.965601669346267677e+00
6.908621818852600072e+00
7.186997384215302098e+00
7.377854188195504648e+00
7.851245622303322236e+00
8.480818396873967657e+00
8.550088084130099020e+00
8.043021150894240634e+00
8.043021150894240634e+00
7.951107622351252679e+00
7.757379521067011119e+00
7.816917916068694794e+00
6.755684367357320141e+00
6.716107003017867783e+00
6.436806733835436667e+00
6.436806733835436667e+00
6.677480124451631305e+00
6.677480124451631305e+00
7.358473045616974240e+00
7.358473045616974240e+00
7.267257988405848579e+00
6.406617483975312055e+00
6.318722227967498384e+00
6.318722227967498384e+00
6.261242296374078364e+00
5.384755097876603003e+00
5.943274195084566891e+00
5.884021355855616697e+00
5.884021355855616697e+00
5.884021355855616697e+00
5.811016848805768298e+00
5.962599820555021246e+00
5.962599820555021246e+00
5.962599820555021246e+00
5.962599820555021246e+00
6.445913115046047359e+00
6.036085910694556134e+00
5.580459321058402367e+00
5.848473725349704111e+00
5.430021336514268882e+00
5.705268582242667641e+00
5.705268582242667641e+00
5.705268582242667641e+00
5.147705745631052210e+00
4.913259979506015007e+00
5.233097199335310812e+00
5.463795329375101595e+00
5.781183480566417288e+00
6.100546013719033489e+00
6.013422573525911474e+00
5.878388044194569062e+00
5.440034574330046446e+00
4.992979073990500005e+00
4.992979073990500005e+00
5.685889895201490241e+00
6.000748290698240339e+00
6.410473432667478377e+00
6.694435646226133407e+00
6.863894451605501601e+00
6.941853345102876105e+00
7.057753315684758277e+00
6.747939024713624612e+00
6.208721356814151271e+00
6.208721356814151271e+00
6.054364611559957865e+00
6.439611619489755689e+00
6.621671886305755983e+00
5.960647830711764072e+00
5.863865704771028753e+00
5.783887228352030618e+00
6.050177059250542833e+00
6.020073535366234907e+00
6.054345714632086484e+00
5.563868951742635183e+00
5.427872966930452847e+00
5.641708828334759396e+00
5.393741389996075775e+00
5.319238322006472508e+00
5.833025455019503980e+00
6.195930747548022310e+00
6.195930747548022310e+00
6.246519206666438784e+00
6.246519206666438784e+00
6.257634382454932975e+00
5.692251439210374464e+00
5.118855016299114880e+00
4.912677835493757250e+00
4.356117368444467175e+00
4.356117368444467175e+00
4.337054853990501613e+00
4.625498853446554648e+00
5.159599839252717146e+00
5.061349772715452389e+00
5.061349772715452389e+00
5.061349772715452389e+00
4.747303473516435446e+00
4.848256067878833342e+00
4.673720528802863150e+00
4.514111225549124917e+00
4.753004611194810103e+00
4.753004611194810103e+00
5.354800955996284806e+00
5.830724511238376984e+00
6.186358333855999092e+00
6.082725864325599474e+00
5.274710356640515130e+00
5.220509435189715219e+00
5.220509435189715219e+00
5.220509435189715219e+00
5.220509435189715219e+00
5.900595959831008486e+00
6.391108804655270426e+00
6.391108804655270426e+00
6.923239177879358053e+00
6.869490294305061973e+00
6.727498720785635378e+00
6.916872554974676568e+00
6.765198126203185502e+00
6.720157919797312474e+00
7.160401510273961989e+00
6.229856423851647840e+00
5.794401966049776753e+00
5.794401966049776753e+00
6.448975152651194698e+00
6.626110690569643857e+00
6.715144669332098637e+00
5.065523931968589189e+00
5.915030155171646875e+00
5.854187618316016639e+00
5.423744113884798601e+00
5.423744113884798601e+00
5.415615378517449230e+00
5.415615378517449230e+00
5.415615378517449230e+00
6.017104679657198751e+00
6.456289945739622560e+00
6.300539983857520454e+00
5.875249981685960243e+00
5.825573659921501779e+00
6.140066759121181050e+00
5.948133263620970723e+00
5.802591133635341514e+00
5.673722783650823054e+00
5.984186300399267466e+00
5.664322439701365397e+00
5.781547642737169923e+00
5.657935225199243412e+00
5.973973671492571746e+00
5.578571504143753579e+00
5.644566363468241477e+00
5.644566363468241477e+00
6.173560964195980105e+00
5.685321529001118535e+00
5.685321529001118535e+00
5.908551859526446570e+00
5.378043746189920427e+00
5.242212355002392243e+00
4.466727080625441992e+00
4.466727080625441992e+00
4.466727080625441992e+00
4.828995091523763605e+00
4.828995091523763605e+00
4.569614894901000035e+00
4.569614894901000035e+00
5.183573351423724773e+00
5.183573351423724773e+00
5.927674512240971083e+00
6.463613058957078827e+00
6.277843334349932469e+00
5.868540428033054646e+00
5.868540428033054646e+00
5.978784387024626668e+00
6.066016718707564870e+00
5.652185447611899782e+00
5.652185447611899782e+00
5.652185447611899782e+00
5.569620819278654267e+00
4.938515814940867443e+00
5.222679613143446531e+00
5.306557584869396216e+00
5.427923538560451178e+00
5.717229835018276418e+00
6.229663348218556607e+00
6.691691246326023190e+00
5.836022183300286770e+00
6.434856427242742427e+00
5.720518865041636758e+00
5.720518865041636758e+00
5.571065523011936804e+00
6.051697300051824158e+00
5.729707317597475758e+00
5.809941018789814393e+00
5.701801722032027619e+00
5.701801722032027619e+00
5.442877991635985069e+00
5.300348497551614635e+00
5.435407823730010080e+00
5.289980102053151612e+00
5.962047383848886994e+00
5.524773769580044736e+00
4.794507360201877511e+00
4.849880317926439588e+00
4.849880317926439588e+00
4.934365824183585048e+00
4.934365824183585048e+00
4.614607565709706094e+00
4.177707976599064565e+00
4.177707976599064565e+00
4.769987469760184062e+00
5.586428303723276478e+00
5.161025897664030637e+00
5.184768392218502164e+00
5.184768392218502164e+00
5.184768392218502164e+00
5.907433200046432020e+00
5.861594700256601342e+00
5.861594700256601342e+00
6.255218412778030590e+00
6.295168307007029895e+00
6.129814699323344662e+00
5.911128083278354595e+00
6.009861976717457033e+00
6.035466919343265957e+00
6.299120105557931559e+00
5.048021920978966293e+00
5.048021920978966293e+00
4.807504634516067021e+00
4.807504634516067021e+00
4.807504634516067021e+00
4.942896565669512299e+00
4.942896565669512299e+00
