5.000000000000000000e-01
5.357378275596715866e-01
5.357378275596715866e-01
5.357378275596715866e-01
5.357378275596715866e-01
5.492243118001810531e-01
5.492243118001810531e-01
5.492243118001810531e-01
5.492243118001810531e-01
5.492243118001810531e-01
6.633258607577264820e-01
6.539148392017841704e-01
6.539148392017841704e-01
6.857835299756119829e-01
6.880597626557111157e-01
6.880597626557111157e-01
6.880597626557111157e-01
6.880597626557111157e-01
7.486512835890776207e-01
8.399147332119724085e-01
8.611600943120206741e-01
7.611377846534196356e-01
7.611377846534196356e-01
7.611377846534196356e-01
8.287785411201443742e-01
7.952278832500683237e-01
7.952278832500683237e-01
7.952278832500683237e-01
7.952278832500683237e-01
7.952278832500683237e-01
7.952278832500683237e-01
7.952278832500683237e-01
7.952278832500683237e-01
7.952278832500683237e-01
7.952278832500683237e-01
8.036540484948362373e-01
7.945632403373482644e-01
7.945632403373482644e-01
7.130040931444585617e-01
7.130040931444585617e-01
8.266729117737791066e-01
8.266729117737791066e-01
8.157416634841423431e-01
8.157416634841423431e-01
8.157416634841423431e-01
8.157416634841423431e-01
8.157416634841423431e-01
8.177215010617695512e-01
7.933182448451413515e-01
7.732708897852639263e-01
7.969877209428695153e-01
7.969877209428695153e-01
7.969877209428695153e-01
7.474821091374442839e-01
7.474821091374442839e-01
7.651138714693740406e-01
7.651138714693740406e-01
7.869451802072441327e-01
8.338418049645959229e-01
8.338418049645959229e-01
8.191054632508510958e-01
8.200278553077927635e-01
8.200278553077927635e-01
8.200278553077927635e-01
8.144031066348457193e-01
8.582602166817844269e-01
8.582602166817844269e-01
8.538366355761842774e-01
7.856096511752255207e-01
7.852967554984978671e-01
8.178051071555719753e-01
8.313566253498908543e-01
8.313566253498908543e-01
8.313566253498908543e-01
8.666381858630779478e-01
8.647028128104313760e-01
8.647028128104313760e-01
8.647028128104313760e-01
8.647028128104313760e-01
8.647028128104313760e-01
8.647028128104313760e-01
8.647028128104313760e-01
8.647028128104313760e-01
8.647028128104313760e-01
8.647028128104313760e-01
8.647028128104313760e-01
8.813682054741233118e-01
8.813682054741233118e-01
8.813682054741233118e-01
8.813682054741233118e-01
8.813682054741233118e-01
8.813682054741233118e-01
8.813682054741233118e-01
8.813682054741233118e-01
8.813682054741233118e-01
8.813682054741233118e-01
8.813682054741233118e-01
8.813682054741233118e-01
8.813682054741233118e-01
8.813682054741233118e-01
8.813682054741233118e-01
8.604442846556187297e-01
8.674949525634778613e-01
8.674949525634778613e-01
8.674949525634778613e-01
8.089924487506502393e-01
7.999622833971188340e-01
8.495001518725270317e-01
8.495001518725270317e-01
7.955556967476463681e-01
7.955556967476463681e-01
7.978124166089034519e-01
7.978124166089034519e-01
7.785133573562950104e-01
7.928784677907517731e-01
8.076598214124482977e-01
8.076598214124482977e-01
8.428969133700640048e-01
8.428969133700640048e-01
8.428969133700640048e-01
8.373278900420970672e-01
8.236066343388710465e-01
8.116848092621132826e-01
8.116848092621132826e-01
8.116848092621132826e-01
8.365874827879877795e-01
8.365874827879877795e-01
8.365874827879877795e-01
8.365874827879877795e-01
8.530187589992603847e-01
8.530187589992603847e-01
8.530187589992603847e-01
8.530187589992603847e-01
8.530187589992603847e-01
8.500302606790568483e-01
8.500302606790568483e-01
8.355559714715803388e-01
8.627698611857582689e-01
8.627698611857582689e-01
8.319133288929700942e-01
8.319133288929700942e-01
8.319133288929700942e-01
8.319133288929700942e-01
8.530976281068028966e-01
8.530976281068028966e-01
8.505596515584716855e-01
8.505596515584716855e-01
8.601051641798027614e-01
8.706664090464646399e-01
8.706664090464646399e-01
8.651521524711495159e-01
8.651521524711495159e-01
8.347010538158742277e-01
8.318446889085683305e-01
8.318446889085683305e-01
8.326775583529631986e-01
8.326775583529631986e-01
8.326775583529631986e-01
8.326775583529631986e-01
8.326775583529631986e-01
8.326775583529631986e-01
8.320886163305943883e-01
8.320886163305943883e-01
7.992747773555928248e-01
7.992747773555928248e-01
7.992747773555928248e-01
7.886938340038353035e-01
8.284514177110041677e-01
8.284514177110041677e-01
8.153695871780113347e-01
8.153695871780113347e-01
8.153695871780113347e-01
8.153695871780113347e-01
8.153695871780113347e-01
8.153695871780113347e-01
8.153695871780113347e-01
8.153695871780113347e-01
8.093933356985919536e-01
8.093933356985919536e-01
8.093933356985919536e-01
7.943133296165532098e-01
8.065393940156954100e-01
8.818027888629627054e-01
8.818027888629627054e-01
8.818027888629627054e-01
8.818027888629627054e-01
8.818027888629627054e-01
8.529678627251771061e-01
8.584420098800525922e-01
8.584420098800525922e-01
8.584420098800525922e-01
8.584420098800525922e-01
8.584420098800525922e-01
8.584420098800525922e-01
8.285269530611494293e-01
8.444803219188324883e-01
8.444803219188324883e-01
8.444803219188324883e-01
8.444803219188324883e-01
8.468060124057009697e-01
8.439200038182079755e-01
8.439200038182079755e-01
8.439200038182079755e-01
8.163873636525076360e-01
8.163873636525076360e-01
8.124337617906083331e-01
8.124337617906083331e-01
8.428782704801077719e-01
8.428782704801077719e-01
8.428782704801077719e-01
8.399189356451625121e-01
8.399189356451625121e-01
8.399189356451625121e-01
8.515265519752729384e-01
8.515265519752729384e-01
8.515265519752729384e-01
8.515265519752729384e-01
8.641156796263851358e-01
8.641156796263851358e-01
8.641156796263851358e-01
8.641156796263851358e-01
8.641156796263851358e-01
8.641156796263851358e-01
8.646080549446453212e-01
8.145705413205571732e-01
8.593650579082220409e-01
8.593650579082220409e-01
8.593650579082220409e-01
8.648156586505936216e-01
8.248508652292144694e-01
8.778627028138086263e-01
8.778627028138086263e-01
8.778627028138086263e-01
8.514428601427386223e-01
8.514428601427386223e-01
8.687748051878008138e-01
7.967570806579634679e-01
7.967570806579634679e-01
7.967570806579634679e-01
8.281730893839537311e-01
8.281730893839537311e-01
8.281730893839537311e-01
8.739512614889055619e-01
8.385642710119005638e-01
8.423634836648108415e-01
8.423634836648108415e-01
8.423634836648108415e-01
8.423634836648108415e-01
8.423634836648108415e-01
8.105858587858598696e-01
8.105858587858598696e-01
8.105858587858598696e-01
8.105858587858598696e-01
8.105858587858598696e-01
8.137183076678189408e-01
8.225264478462515072e-01
8.225264478462515072e-01
8.078655010744122400e-01
8.078655010744122400e-01
8.863693708273407967e-01
8.863693708273407967e-01
8.863693708273407967e-01
8.863693708273407967e-01
8.863693708273407967e-01
8.713708597529156163e-01
8.944223186430302341e-01
8.838269400847292845e-01
8.405538286754097310e-01
8.405538286754097310e-01
8.405538286754097310e-01
8.789266019795461959e-01
8.789266019795461959e-01
8.789266019795461959e-01
8.789266019795461959e-01
8.789266019795461959e-01
8.789266019795461959e-01
8.789266019795461959e-01
8.651364359381400471e-01
8.381503683918016812e-01
8.381503683918016812e-01
8.381503683918016812e-01
8.175497114633757390e-01
8.196813045221168492e-01
8.196813045221168492e-01
8.391989007527675959e-01
8.391989007527675959e-01
8.391989007527675959e-01
8.391989007527675959e-01
8.391989007527675959e-01
8.391989007527675959e-01
8.391989007527675959e-01
8.061559840222614071e-01
8.061559840222614071e-01
8.061559840222614071e-01
8.160109779409306929e-01
8.160109779409306929e-01
8.036030963426827878e-01
8.436564978880001231e-01
8.635730585296005346e-01
8.635730585296005346e-01
8.635730585296005346e-01
8.635730585296005346e-01
8.635730585296005346e-01
8.495074253677818987e-01
8.495074253677818987e-01
8.731850872037201228e-01
8.607132219154876029e-01
8.607132219154876029e-01
8.481425977713248354e-01
8.763085664706320443e-01
8.523281917064339241e-01
8.523281917064339241e-01
8.523281917064339241e-01
8.523281917064339241e-01
8.523281917064339241e-01
8.523281917064339241e-01
8.650108438408457001e-01
8.650108438408457001e-01
8.306302403541129253e-01
8.315956267201779495e-01
8.315956267201779495e-01
8.654541693581423445e-01
8.132839539673930584e-01
8.727849542613665967e-01
8.727849542613665967e-01
8.499327690981485217e-01
8.499327690981485217e-01
8.499327690981485217e-01
8.499327690981485217e-01
8.499327690981485217e-01
8.211293127494414534e-01
8.211293127494414534e-01
8.211293127494414534e-01
8.211293127494414534e-01
8.598141670936030323e-01
8.598141670936030323e-01
8.311125006700397222e-01
8.486540948105506521e-01
8.486540948105506521e-01
8.486540948105506521e-01
8.691219554271357728e-01
8.889708233927561265e-01
8.112466276892842387e-01
8.112466276892842387e-01
8.112466276892842387e-01
8.112466276892842387e-01
8.112466276892842387e-01
8.112466276892842387e-01
8.112466276892842387e-01
8.542705277040170131e-01
8.752294241822208276e-01
8.752294241822208276e-01
8.752294241822208276e-01
8.486312729363185703e-01
8.290715293819691523e-01
8.290715293819691523e-01
8.290715293819691523e-01
8.290715293819691523e-01
8.306350310776914325e-01
8.306350310776914325e-01
8.306350310776914325e-01
8.127493239380411127e-01
8.127493239380411127e-01
8.127493239380411127e-01
8.127493239380411127e-01
8.202885509840055489e-01
8.202885509840055489e-01
8.202885509840055489e-01
8.271356447618725127e-01
8.271356447618725127e-01
8.271356447618725127e-01
8.271356447618725127e-01
8.271356447618725127e-01
8.271356447618725127e-01
8.420520428292715964e-01
8.420520428292715964e-01
8.420520428292715964e-01
8.420520428292715964e-01
7.974412635147962725e-01
7.974412635147962725e-01
8.077425024021399613e-01
8.077425024021399613e-01
8.252475480188949941e-01
8.578924972842398855e-01
8.578924972842398855e-01
8.923459676397730300e-01
8.923459676397730300e-01
8.923459676397730300e-01
8.474531013526106493e-01
8.474531013526106493e-01
8.474531013526106493e-01
8.474531013526106493e-01
8.474531013526106493e-01
8.474531013526106493e-01
8.474531013526106493e-01
8.474531013526106493e-01
8.474531013526106493e-01
8.474531013526106493e-01
8.474531013526106493e-01
8.474531013526106493e-01
8.474531013526106493e-01
8.474531013526106493e-01
8.474531013526106493e-01
8.645764447678621067e-01
8.645764447678621067e-01
8.653902192751055100e-01
8.394525197075995981e-01
8.394525197075995981e-01
8.394525197075995981e-01
8.394525197075995981e-01
8.394525197075995981e-01
8.627433540168042425e-01
8.627433540168042425e-01
8.627433540168042425e-01
8.627433540168042425e-01
8.487819732794072980e-01
8.654057344455894363e-01
8.654057344455894363e-01
8.654057344455894363e-01
8.654057344455894363e-01
8.606703733899013775e-01
8.606703733899013775e-01
8.645501855518569201e-01
8.645501855518569201e-01
8.645501855518569201e-01
8.645501855518569201e-01
8.645501855518569201e-01
8.645501855518569201e-01
8.645501855518569201e-01
8.645501855518569201e-01
8.645501855518569201e-01
8.645501855518569201e-01
8.716954990695127137e-01
8.716954990695127137e-01
8.716954990695127137e-01
8.716954990695127137e-01
8.716954990695127137e-01
8.716954990695127137e-01
8.716954990695127137e-01
7.769134505860445516e-01
8.111196937880922331e-01
8.111196937880922331e-01
7.965446440616292811e-01
7.965446440616292811e-01
7.965446440616292811e-01
7.732234880130711696e-01
7.732234880130711696e-01
7.666784863377453796e-01
7.841632061368782880e-01
7.841632061368782880e-01
8.355730169205399793e-01
8.355730169205399793e-01
8.355730169205399793e-01
8.649007779274107133e-01
8.649007779274107133e-01
8.649007779274107133e-01
8.158599585710668567e-01
8.367588126175168339e-01
8.367588126175168339e-01
8.367588126175168339e-01
8.281803817658567324e-01
8.281803817658567324e-01
8.281803817658567324e-01
8.281803817658567324e-01
8.281803817658567324e-01
8.281803817658567324e-01
9.002862601035075407e-01
9.002862601035075407e-01
9.002862601035075407e-01
8.980397331952112427e-01
8.814582039289454718e-01
8.898088859901477354e-01
8.898088859901477354e-01
8.128454119351244955e-01
8.128454119351244955e-01
8.550229495505491384e-01
8.264675441669775413e-01
8.264675441669775413e-01
8.578335688272490378e-01
8.578335688272490378e-01
8.410949971406888048e-01
8.410949971406888048e-01
8.410949971406888048e-01
8.410949971406888048e-01
8.823043790981455192e-01
8.866383030414621835e-01
8.539548635212178551e-01
8.583750189074687009e-01
8.583750189074687009e-01
8.583750189074687009e-01
8.583750189074687009e-01
8.811949798759309838e-01
8.811949798759309838e-01
8.811949798759309838e-01
8.811949798759309838e-01
8.811949798759309838e-01
8.264253088015973692e-01
8.264253088015973692e-01
8.264253088015973692e-01
8.281400044263920179e-01
8.281400044263920179e-01
8.253856678780769895e-01
8.253856678780769895e-01
7.946714079458521152e-01
7.946714079458521152e-01
7.946714079458521152e-01
7.946714079458521152e-01
8.256537078458620060e-01
8.256537078458620060e-01
8.256537078458620060e-01
8.256537078458620060e-01
8.256537078458620060e-01
8.256537078458620060e-01
8.256537078458620060e-01
8.383754200627485664e-01
8.616426917848727385e-01
8.616426917848727385e-01
8.616426917848727385e-01
8.303885739945604527e-01
8.303885739945604527e-01
8.303885739945604527e-01
8.193894905919318905e-01
7.889848568596600220e-01
7.972259572576917419e-01
7.972259572576917419e-01
8.519158965254465254e-01
8.519158965254465254e-01
8.447769294830228537e-01
8.447769294830228537e-01
8.555291830414998300e-01
8.208234291199375532e-01
8.208234291199375532e-01
8.208234291199375532e-01
8.208234291199375532e-01
8.363832335417905606e-01
7.908814262679383367e-01
8.453048638845073182e-01
8.183861847346520779e-01
8.106446908210040991e-01
8.106446908210040991e-01
8.106446908210040991e-01
8.106446908210040991e-01
8.106446908210040991e-01
8.106446908210040991e-01
8.184859558529732348e-01
8.184859558529732348e-01
8.184859558529732348e-01
8.184859558529732348e-01
8.184859558529732348e-01
8.184859558529732348e-01
8.132766105349625851e-01
8.132766105349625851e-01
8.132766105349625851e-01
8.726049926472367879e-01
8.726049926472367879e-01
8.726049926472367879e-01
7.631477111241067313e-01
7.631477111241067313e-01
8.257308724313917603e-01
8.257308724313917603e-01
8.257308724313917603e-01
8.257308724313917603e-01
8.257308724313917603e-01
8.257308724313917603e-01
8.257308724313917603e-01
8.567670427659773713e-01
8.567670427659773713e-01
8.567670427659773713e-01
8.199879950156679920e-01
7.985096598576308935e-01
7.985096598576308935e-01
7.985096598576308935e-01
7.843632205026611626e-01
7.980699079597513013e-01
8.166484941597081937e-01
8.166484941597081937e-01
8.166484941597081937e-01
8.166484941597081937e-01
8.166484941597081937e-01
8.166484941597081937e-01
8.166484941597081937e-01
8.166484941597081937e-01
8.166484941597081937e-01
8.049079179740872281e-01
8.109645499408738578e-01
7.878544997937310113e-01
7.878544997937310113e-01
7.751859081899067361e-01
8.132198732737102587e-01
8.139386090295582799e-01
8.139386090295582799e-01
8.139386090295582799e-01
8.139386090295582799e-01
8.541233628575343184e-01
8.541233628575343184e-01
8.627339347693014915e-01
8.051927100065993104e-01
7.631408897307182526e-01
7.631408897307182526e-01
7.711226583288357528e-01
8.263090677247530991e-01
8.607694071399221158e-01
8.607694071399221158e-01
8.607694071399221158e-01
8.607694071399221158e-01
8.399232590586183100e-01
8.399232590586183100e-01
8.399232590586183100e-01
8.399232590586183100e-01
8.132043040051686322e-01
8.683044425202914862e-01
8.384401841971039770e-01
8.384401841971039770e-01
8.534508998148695458e-01
8.534508998148695458e-01
8.534508998148695458e-01
8.534508998148695458e-01
8.125372409021195397e-01
8.125372409021195397e-01
8.675869345048566883e-01
8.108911511984840947e-01
8.180414172216881052e-01
8.180414172216881052e-01
8.480131571861104778e-01
8.480131571861104778e-01
8.478014621837722808e-01
8.478014621837722808e-01
8.320727264230458609e-01
8.320727264230458609e-01
8.320727264230458609e-01
8.320727264230458609e-01
8.357558358354272299e-01
8.740909823263866008e-01
8.595269204261516416e-01
8.595269204261516416e-01
8.595269204261516416e-01
8.595269204261516416e-01
8.595269204261516416e-01
8.595269204261516416e-01
8.595269204261516416e-01
8.595269204261516416e-01
8.595269204261516416e-01
8.595269204261516416e-01
8.595269204261516416e-01
8.228374104262100586e-01
8.228374104262100586e-01
8.429785241708872556e-01
8.429785241708872556e-01
8.429785241708872556e-01
8.386910445417227189e-01
8.386910445417227189e-01
8.413841836939502938e-01
8.413841836939502938e-01
8.413841836939502938e-01
8.846481228677237629e-01
8.629260908710456590e-01
8.629260908710456590e-01
8.629260908710456590e-01
8.629260908710456590e-01
8.073823325010931473e-01
8.047348542512378078e-01
8.177956087484858916e-01
8.262029389120184586e-01
8.262029389120184586e-01
8.186849440520954646e-01
8.186849440520954646e-01
8.186849440520954646e-01
8.186849440520954646e-01
8.298426347001515158e-01
8.273302494699376064e-01
8.273302494699376064e-01
8.273302494699376064e-01
8.273302494699376064e-01
8.273302494699376064e-01
8.652875897297354069e-01
8.652875897297354069e-01
8.652875897297354069e-01
8.652875897297354069e-01
8.600102043084160153e-01
8.600102043084160153e-01
8.600102043084160153e-01
8.382785167419409822e-01
8.382785167419409822e-01
8.843327376991696465e-01
8.757018059353175454e-01
8.757018059353175454e-01
8.795066334369616712e-01
8.862414859802960621e-01
8.862414859802960621e-01
8.862414859802960621e-01
8.862414859802960621e-01
8.549082786487238739e-01
8.726957807479570617e-01
8.560147294826472297e-01
8.560147294826472297e-01
8.312032051043767300e-01
8.301323627728097732e-01
8.301323627728097732e-01
8.339489062897212923e-01
8.339489062897212923e-01
8.133408250376999993e-01
8.155079390143136209e-01
8.409262177055587539e-01
8.409262177055587539e-01
8.409262177055587539e-01
8.409262177055587539e-01
8.409262177055587539e-01
8.409262177055587539e-01
8.409262177055587539e-01
8.409262177055587539e-01
8.409262177055587539e-01
8.692663446558486218e-01
8.692663446558486218e-01
8.692663446558486218e-01
8.635497851571023453e-01
8.721325346296247005e-01
8.721325346296247005e-01
8.721325346296247005e-01
8.721325346296247005e-01
8.721325346296247005e-01
8.721325346296247005e-01
8.721325346296247005e-01
8.721325346296247005e-01
8.476597700481628417e-01
8.476597700481628417e-01
8.543839987405394965e-01
8.543839987405394965e-01
8.543839987405394965e-01
8.543839987405394965e-01
8.543839987405394965e-01
8.543839987405394965e-01
8.543839987405394965e-01
8.543839987405394965e-01
8.543839987405394965e-01
8.543839987405394965e-01
8.306612702908234835e-01
8.306612702908234835e-01
8.306612702908234835e-01
8.004691961774433873e-01
8.004691961774433873e-01
8.004691961774433873e-01
8.458171798116507212e-01
8.458171798116507212e-01
8.458171798116507212e-01
8.458171798116507212e-01
8.458171798116507212e-01
8.458171798116507212e-01
8.662543828697806259e-01
8.606134383815680078e-01
8.606134383815680078e-01
8.206324942456055815e-01
8.206324942456055815e-01
8.206324942456055815e-01
8.613915713345314806e-01
8.536886670140798605e-01
8.536886670140798605e-01
8.536886670140798605e-01
8.536886670140798605e-01
8.536886670140798605e-01
8.536886670140798605e-01
8.516427742318455341e-01
8.465395036773852855e-01
8.465395036773852855e-01
8.465395036773852855e-01
8.178448561313483856e-01
8.178448561313483856e-01
8.178448561313483856e-01
7.561449215344502317e-01
7.561449215344502317e-01
7.561449215344502317e-01
8.383017892459271314e-01
8.383017892459271314e-01
8.298680323204459253e-01
8.237483125503027859e-01
8.194001436595871324e-01
8.194001436595871324e-01
8.616148048392081593e-01
8.616148048392081593e-01
8.616148048392081593e-01
8.616148048392081593e-01
8.616148048392081593e-01
8.616148048392081593e-01
8.616148048392081593e-01
8.467471883525843346e-01
8.467471883525843346e-01
8.490156995040809562e-01
8.885517095983310742e-01
8.803226724894264166e-01
8.803226724894264166e-01
8.803226724894264166e-01
8.803226724894264166e-01
8.698940850964431704e-01
8.660700955053838301e-01
8.660700955053838301e-01
8.660700955053838301e-01
8.660700955053838301e-01
8.660700955053838301e-01
8.660700955053838301e-01
8.660700955053838301e-01
8.660700955053838301e-01
8.660700955053838301e-01
8.660700955053838301e-01
8.660700955053838301e-01
8.660700955053838301e-01
8.660700955053838301e-01
8.660700955053838301e-01
8.660700955053838301e-01
8.660700955053838301e-01
8.660700955053838301e-01
8.334357758131657468e-01
8.529116643201497538e-01
8.253032636917552178e-01
8.253032636917552178e-01
8.755877346330159794e-01
8.755877346330159794e-01
8.755877346330159794e-01
8.755877346330159794e-01
8.593521178393701554e-01
8.593521178393701554e-01
8.593521178393701554e-01
8.593521178393701554e-01
8.676536826180916151e-01
8.676536826180916151e-01
8.676536826180916151e-01
8.676536826180916151e-01
8.676536826180916151e-01
8.676536826180916151e-01
8.698522049629761055e-01
8.698522049629761055e-01
8.312070844467672748e-01
8.312070844467672748e-01
8.312070844467672748e-01
8.471545298297804560e-01
7.989748939023060270e-01
7.989748939023060270e-01
8.599821719472781067e-01
8.599821719472781067e-01
8.421270778214635655e-01
8.421270778214635655e-01
8.421270778214635655e-01
8.421270778214635655e-01
8.273309980475738179e-01
8.773915528609640413e-01
8.773915528609640413e-01
8.773915528609640413e-01
8.773915528609640413e-01
8.773915528609640413e-01
8.421159032549262458e-01
8.662820396267217893e-01
8.662820396267217893e-01
8.125249730313367502e-01
8.270394166485517395e-01
8.314118951577154082e-01
8.388236381984210954e-01
8.122585154356602999e-01
8.081533602853337994e-01
8.081533602853337994e-01
8.081533602853337994e-01
8.609918953827107035e-01
8.609918953827107035e-01
8.609918953827107035e-01
8.609918953827107035e-01
8.609918953827107035e-01
8.609918953827107035e-01
8.609918953827107035e-01
8.756481395116021416e-01
8.756481395116021416e-01
8.756481395116021416e-01
8.537828864410772489e-01
8.537828864410772489e-01
8.537828864410772489e-01
8.537828864410772489e-01
8.537828864410772489e-01
8.537828864410772489e-01
8.621144425784469378e-01
8.621144425784469378e-01
8.621144425784469378e-01
8.621144425784469378e-01
8.381900478647994479e-01
7.849628154277601411e-01
7.849628154277601411e-01
7.849628154277601411e-01
7.945071932553566807e-01
8.724856109627607825e-01
8.724856109627607825e-01
8.724856109627607825e-01
8.724856109627607825e-01
8.724856109627607825e-01
8.724856109627607825e-01
8.508635954615699770e-01
8.508635954615699770e-01
8.168862128639846620e-01
8.168862128639846620e-01
8.431857211983118106e-01
8.431857211983118106e-01
8.431857211983118106e-01
8.310920455029084941e-01
8.310920455029084941e-01
8.310920455029084941e-01
8.310920455029084941e-01
8.310920455029084941e-01
8.310920455029084941e-01
8.310920455029084941e-01
8.402464559141289424e-01
8.402464559141289424e-01
8.402464559141289424e-01
8.725213146547917686e-01
8.578668261471430467e-01
8.578668261471430467e-01
8.578668261471430467e-01
8.578668261471430467e-01
8.578668261471430467e-01
8.578668261471430467e-01
8.578668261471430467e-01
8.578668261471430467e-01
8.578668261471430467e-01
8.421926140256577042e-01
8.421926140256577042e-01
8.421926140256577042e-01
8.845964529629090078e-01
8.984312711655066952e-01
8.890555309371173109e-01
8.667462405939435621e-01
8.667462405939435621e-01
8.667462405939435621e-01
8.667462405939435621e-01
8.511818731172406949e-01
8.511818731172406949e-01
8.511818731172406949e-01
8.511818731172406949e-01
8.511818731172406949e-01
8.596730430210385299e-01
8.596730430210385299e-01
8.596730430210385299e-01
8.883774304907039454e-01
8.883774304907039454e-01
8.883774304907039454e-01
8.007627835204225164e-01
7.991405866637897315e-01
8.686471580801016223e-01
8.686471580801016223e-01
8.686471580801016223e-01
8.686471580801016223e-01
8.556719111283267454e-01
8.556719111283267454e-01
8.556719111283267454e-01
8.556719111283267454e-01
8.556719111283267454e-01
8.556719111283267454e-01
8.315791302315407307e-01
8.315791302315407307e-01
8.315791302315407307e-01
8.315791302315407307e-01
8.315791302315407307e-01
8.187141229753238658e-01
8.187141229753238658e-01
8.187141229753238658e-01
8.187141229753238658e-01
8.022290304358131730e-01
8.240342326413603313e-01
8.240342326413603313e-01
8.555109056387869559e-01
8.558106599260555392e-01
8.558106599260555392e-01
8.558106599260555392e-01
8.558106599260555392e-01
8.558106599260555392e-01
8.558106599260555392e-01
8.558106599260555392e-01
8.558106599260555392e-01
8.558106599260555392e-01
8.259293524660007435e-01
8.259293524660007435e-01
8.259293524660007435e-01
8.259293524660007435e-01
8.259293524660007435e-01
8.388429348249438755e-01
8.388429348249438755e-01
8.388429348249438755e-01
8.388429348249438755e-01
8.561544873862425575e-01
8.561544873862425575e-01
8.561544873862425575e-01
8.561544873862425575e-01
8.561544873862425575e-01
8.561544873862425575e-01
8.561544873862425575e-01
8.561544873862425575e-01
8.371618534427011094e-01
8.259180022705085999e-01
8.140980897026403040e-01
8.245162678015816038e-01
8.626665089779289586e-01
8.626665089779289586e-01
8.626665089779289586e-01
8.626665089779289586e-01
8.626665089779289586e-01
8.626665089779289586e-01
8.626665089779289586e-01
8.394499080586649287e-01
