5.000000000000000000e-01
3.088463228102038993e+00
3.824411086090183876e+00
3.947540114626832519e+00
3.947540114626832519e+00
7.223285706348243629e+00
7.223285706348243629e+00
5.265000262325203906e+00
5.265000262325203906e+00
5.746249483266995917e+00
5.746249483266995917e+00
5.746249483266995917e+00
5.834033233632716531e+00
5.604283104834719254e+00
5.604283104834719254e+00
5.604283104834719254e+00
5.604283104834719254e+00
6.607058837284276009e+00
6.607058837284276009e+00
6.607058837284276009e+00
6.607058837284276009e+00
6.607058837284276009e+00
6.607058837284276009e+00
5.410696882979825872e+00
5.410696882979825872e+00
5.386956062407062262e+00
5.754965736020299261e+00
5.754965736020299261e+00
5.754965736020299261e+00
5.754965736020299261e+00
6.435628599588007148e+00
6.435628599588007148e+00
6.435628599588007148e+00
6.435628599588007148e+00
6.435628599588007148e+00
6.890893839287881129e+00
6.890893839287881129e+00
6.890893839287881129e+00
6.296677844065865060e+00
6.296677844065865060e+00
6.296677844065865060e+00
6.296677844065865060e+00
6.296677844065865060e+00
6.482026880504043298e+00
6.549651715196819879e+00
5.307589044670889322e+00
5.307589044670889322e+00
6.139078454131064788e+00
6.139078454131064788e+00
6.139078454131064788e+00
6.139078454131064788e+00
6.139078454131064788e+00
5.146970081086103654e+00
5.146970081086103654e+00
5.146970081086103654e+00
7.012596517363371973e+00
6.920375829415530866e+00
6.211991094815651593e+00
5.915382234726885180e+00
6.098934132797466212e+00
5.236232876771975242e+00
5.103572824278370668e+00
5.103572824278370668e+00
5.103572824278370668e+00
5.103572824278370668e+00
5.450412889988768050e+00
4.744488852924425792e+00
4.744488852924425792e+00
6.315551507509345797e+00
6.315551507509345797e+00
6.315551507509345797e+00
6.315551507509345797e+00
6.001239625287457358e+00
5.924055535108368353e+00
5.924055535108368353e+00
5.924055535108368353e+00
5.924055535108368353e+00
5.387328539115164183e+00
5.387328539115164183e+00
5.387328539115164183e+00
5.387328539115164183e+00
4.852133576570989426e+00
7.128772154609853473e+00
7.128772154609853473e+00
5.932885067842702753e+00
5.932885067842702753e+00
5.932885067842702753e+00
6.877367368732373087e+00
6.877367368732373087e+00
6.907184632560103843e+00
6.020733611140270725e+00
6.020733611140270725e+00
6.118641273337160236e+00
5.799310977528270961e+00
5.799310977528270961e+00
5.799310977528270961e+00
5.799310977528270961e+00
5.799310977528270961e+00
5.799310977528270961e+00
5.799310977528270961e+00
5.799310977528270961e+00
5.799310977528270961e+00
5.632076729223546074e+00
5.106116312953239422e+00
5.106116312953239422e+00
5.106116312953239422e+00
4.824907296503311294e+00
4.824907296503311294e+00
6.425095232536049750e+00
6.425095232536049750e+00
6.425095232536049750e+00
4.588510206419253556e+00
4.588510206419253556e+00
4.588510206419253556e+00
4.588510206419253556e+00
4.694659878062496183e+00
4.994371882965134901e+00
4.563283644466809008e+00
4.563283644466809008e+00
4.563283644466809008e+00
4.563283644466809008e+00
4.912421565102708776e+00
4.912421565102708776e+00
5.358858479520837825e+00
5.358858479520837825e+00
6.136375915571649742e+00
6.136375915571649742e+00
6.136375915571649742e+00
5.722900655011799564e+00
5.863626969213251883e+00
5.863626969213251883e+00
5.863626969213251883e+00
5.863626969213251883e+00
5.863626969213251883e+00
5.863626969213251883e+00
5.863626969213251883e+00
5.283011896826694809e+00
5.283011896826694809e+00
5.575388715389413719e+00
5.575388715389413719e+00
5.575388715389413719e+00
5.575388715389413719e+00
5.753806758988536885e+00
5.753806758988536885e+00
5.659624225229284100e+00
5.659624225229284100e+00
5.016750780467887694e+00
5.016750780467887694e+00
5.777721742501018554e+00
5.777721742501018554e+00
7.279313749388912846e+00
7.279313749388912846e+00
7.248306029642643367e+00
7.248306029642643367e+00
4.273710603018477272e+00
4.622067677285949472e+00
4.622067677285949472e+00
4.802196502493410790e+00
4.802196502493410790e+00
5.669624272338264603e+00
5.734428741246439643e+00
5.734428741246439643e+00
5.734428741246439643e+00
5.734428741246439643e+00
5.734428741246439643e+00
5.734428741246439643e+00
5.082452165696109248e+00
6.405165082269244081e+00
6.405165082269244081e+00
6.405165082269244081e+00
6.801839392174391818e+00
6.801839392174391818e+00
5.204562642106527193e+00
4.973074085711267855e+00
4.973074085711267855e+00
4.973074085711267855e+00
4.973074085711267855e+00
6.114755826693424545e+00
5.594240820853720209e+00
5.594240820853720209e+00
5.206368110793713200e+00
5.206368110793713200e+00
5.206368110793713200e+00
5.206368110793713200e+00
5.233268453196876280e+00
5.233268453196876280e+00
5.233268453196876280e+00
5.233268453196876280e+00
6.115675380612352718e+00
6.115675380612352718e+00
4.525863966778150171e+00
7.006787936087300217e+00
7.006787936087300217e+00
6.174739757451572331e+00
5.980088132330275030e+00
5.980088132330275030e+00
4.546859012454315341e+00
4.902801662907420699e+00
5.646841874468577771e+00
5.646841874468577771e+00
5.494041081392119885e+00
5.848537975915146347e+00
5.501404144411679908e+00
5.501404144411679908e+00
5.501404144411679908e+00
5.501404144411679908e+00
5.501404144411679908e+00
5.501404144411679908e+00
5.501404144411679908e+00
5.501404144411679908e+00
5.453900702818523349e+00
5.453900702818523349e+00
5.729207396559284682e+00
5.729207396559284682e+00
6.224213857921307103e+00
6.224213857921307103e+00
6.224213857921307103e+00
6.224213857921307103e+00
6.224213857921307103e+00
6.106402713122426995e+00
6.106402713122426995e+00
6.106402713122426995e+00
6.120925412207604666e+00
5.219302165845660646e+00
5.219302165845660646e+00
5.422231919367528796e+00
5.422231919367528796e+00
5.422231919367528796e+00
5.422231919367528796e+00
5.928163830944980006e+00
5.928163830944980006e+00
5.928163830944980006e+00
5.928163830944980006e+00
6.535053043667948813e+00
6.535053043667948813e+00
5.840219785547088094e+00
5.840219785547088094e+00
5.840219785547088094e+00
6.347008916976019322e+00
6.347008916976019322e+00
6.347008916976019322e+00
6.347008916976019322e+00
6.347008916976019322e+00
5.249991485841214001e+00
5.249991485841214001e+00
5.249991485841214001e+00
5.249991485841214001e+00
5.249991485841214001e+00
4.982170516550462835e+00
4.982170516550462835e+00
6.774641773013638790e+00
6.774641773013638790e+00
6.549555975496769378e+00
6.549555975496769378e+00
6.549555975496769378e+00
6.549555975496769378e+00
6.549555975496769378e+00
6.115897930294962315e+00
4.602875102836797794e+00
4.602875102836797794e+00
4.602875102836797794e+00
4.602875102836797794e+00
6.043098195674541984e+00
6.043098195674541984e+00
6.043098195674541984e+00
6.043098195674541984e+00
6.043098195674541984e+00
6.043098195674541984e+00
6.043098195674541984e+00
6.607934678314321353e+00
6.607934678314321353e+00
6.607934678314321353e+00
7.143720359622241389e+00
5.492875323194469139e+00
6.026017422036349380e+00
6.026017422036349380e+00
6.026017422036349380e+00
5.620076468989394947e+00
5.620076468989394947e+00
5.620076468989394947e+00
6.205587203779136196e+00
6.205587203779136196e+00
6.205587203779136196e+00
6.642589644500227486e+00
4.511387587168637303e+00
4.865430888429827405e+00
5.879757616244845941e+00
5.879757616244845941e+00
5.544535936098995421e+00
5.544535936098995421e+00
5.544535936098995421e+00
5.544535936098995421e+00
4.833140565752982454e+00
4.833140565752982454e+00
4.833140565752982454e+00
4.833140565752982454e+00
4.833140565752982454e+00
4.833140565752982454e+00
4.833140565752982454e+00
4.833140565752982454e+00
4.833140565752982454e+00
4.833140565752982454e+00
5.158008496302084467e+00
5.158008496302084467e+00
5.158008496302084467e+00
5.158008496302084467e+00
5.158008496302084467e+00
5.158008496302084467e+00
5.158008496302084467e+00
5.158008496302084467e+00
5.158008496302084467e+00
5.158008496302084467e+00
5.158008496302084467e+00
5.199102139738593920e+00
5.332528465290011788e+00
5.088256718377616394e+00
5.088256718377616394e+00
5.088256718377616394e+00
5.436478597013130631e+00
5.436478597013130631e+00
5.808921917587013262e+00
6.974045098159816547e+00
6.974045098159816547e+00
6.974045098159816547e+00
6.974045098159816547e+00
6.974045098159816547e+00
7.080549285389259317e+00
7.080549285389259317e+00
5.392239086439417406e+00
5.392239086439417406e+00
5.392239086439417406e+00
5.392239086439417406e+00
6.168892939950065823e+00
6.168892939950065823e+00
5.098491927676702673e+00
5.326811230849528123e+00
5.326811230849528123e+00
5.326811230849528123e+00
6.009613437886120124e+00
6.009613437886120124e+00
6.010624682168989708e+00
6.010624682168989708e+00
6.010624682168989708e+00
6.010624682168989708e+00
6.010624682168989708e+00
6.010624682168989708e+00
5.212318393382564530e+00
5.212318393382564530e+00
4.453438252275735643e+00
6.858854169783266563e+00
7.345843500051540076e+00
4.897638638686946599e+00
4.897638638686946599e+00
4.897638638686946599e+00
6.119919381837400252e+00
6.119919381837400252e+00
5.286718923773611856e+00
5.286718923773611856e+00
5.286718923773611856e+00
5.286718923773611856e+00
5.286718923773611856e+00
5.747446981161008495e+00
5.747446981161008495e+00
5.747446981161008495e+00
5.747446981161008495e+00
5.747446981161008495e+00
5.747446981161008495e+00
5.747446981161008495e+00
5.747446981161008495e+00
5.747446981161008495e+00
5.747446981161008495e+00
5.747446981161008495e+00
5.747446981161008495e+00
5.867159188293360472e+00
5.867159188293360472e+00
5.398897026197779780e+00
5.398897026197779780e+00
5.398897026197779780e+00
5.398897026197779780e+00
5.398897026197779780e+00
5.398897026197779780e+00
5.398897026197779780e+00
5.398897026197779780e+00
5.398897026197779780e+00
5.572253486582043891e+00
5.572253486582043891e+00
5.809711671843232672e+00
7.081161416652325791e+00
5.584965996231433749e+00
5.584965996231433749e+00
5.584965996231433749e+00
5.896513551341863391e+00
5.896513551341863391e+00
5.466152346828351938e+00
5.723129319714993279e+00
5.723129319714993279e+00
5.723129319714993279e+00
6.749862680569382434e+00
4.886182465953195830e+00
4.886182465953195830e+00
5.740778218441134229e+00
5.740778218441134229e+00
5.158264791196394583e+00
5.158264791196394583e+00
5.158264791196394583e+00
6.360567196900102083e+00
6.169263031599074409e+00
6.169263031599074409e+00
6.169263031599074409e+00
6.169263031599074409e+00
6.169263031599074409e+00
6.169263031599074409e+00
6.169263031599074409e+00
6.414639105480935299e+00
6.414639105480935299e+00
5.647993403764646203e+00
6.699658704201426396e+00
6.699658704201426396e+00
6.087151245026577229e+00
6.087151245026577229e+00
6.087151245026577229e+00
6.087151245026577229e+00
6.087151245026577229e+00
6.087151245026577229e+00
6.087151245026577229e+00
6.087151245026577229e+00
6.087151245026577229e+00
6.087151245026577229e+00
6.087151245026577229e+00
5.093036169928550905e+00
5.093036169928550905e+00
5.186542102797799814e+00
5.231248398386539655e+00
5.794298640753769547e+00
5.794298640753769547e+00
6.296789568373790225e+00
6.296789568373790225e+00
5.386074987612127885e+00
4.896480303723820704e+00
4.896480303723820704e+00
4.896480303723820704e+00
4.896480303723820704e+00
4.896480303723820704e+00
4.896480303723820704e+00
4.896480303723820704e+00
4.896480303723820704e+00
4.843147598094401651e+00
4.843147598094401651e+00
4.843147598094401651e+00
4.838558692626401481e+00
4.838558692626401481e+00
4.838558692626401481e+00
4.838558692626401481e+00
4.946963730475586907e+00
4.946963730475586907e+00
5.537950293770772525e+00
5.537950293770772525e+00
6.968768973083158791e+00
6.968768973083158791e+00
5.435900416310042615e+00
5.435900416310042615e+00
6.462353541096114817e+00
5.120724004177167998e+00
5.120724004177167998e+00
5.120724004177167998e+00
5.848987807595984911e+00
5.848987807595984911e+00
5.848987807595984911e+00
5.848987807595984911e+00
5.848987807595984911e+00
5.848987807595984911e+00
5.848987807595984911e+00
5.848987807595984911e+00
5.848987807595984911e+00
5.859228567592217551e+00
5.279792676588652256e+00
5.843595073663853334e+00
5.843595073663853334e+00
4.758330821911999742e+00
4.758330821911999742e+00
4.129410841567179524e+00
5.942136511876364047e+00
5.942136511876364047e+00
6.339216638745247323e+00
6.339216638745247323e+00
6.339216638745247323e+00
5.970655824019596380e+00
5.970655824019596380e+00
5.970655824019596380e+00
6.992095378519609383e+00
6.992095378519609383e+00
6.992095378519609383e+00
6.580436896561309368e+00
6.821243830357119897e+00
6.928673174990554351e+00
6.626956985073508832e+00
7.325132324238193604e+00
6.990474584182506668e+00
6.990474584182506668e+00
5.207982688220569756e+00
5.207982688220569756e+00
4.932802057842013532e+00
4.734884586601060263e+00
4.734884586601060263e+00
4.734884586601060263e+00
4.734884586601060263e+00
4.734884586601060263e+00
4.734884586601060263e+00
4.529693486760828947e+00
4.529693486760828947e+00
4.529693486760828947e+00
5.742926822650748164e+00
5.656933822102968357e+00
5.656933822102968357e+00
5.656933822102968357e+00
6.521900727716791302e+00
4.451429924184755471e+00
4.384407950396147946e+00
4.384407950396147946e+00
4.372774547090449992e+00
4.372774547090449992e+00
5.794938628974357187e+00
5.794938628974357187e+00
5.794938628974357187e+00
6.103485459263963797e+00
5.793625861304246172e+00
5.793625861304246172e+00
5.793625861304246172e+00
4.633404594318220049e+00
4.633404594318220049e+00
4.633404594318220049e+00
4.633404594318220049e+00
4.633404594318220049e+00
4.448883607489785952e+00
5.200675109423295694e+00
5.200174087058017314e+00
5.200174087058017314e+00
5.200174087058017314e+00
5.200174087058017314e+00
5.200174087058017314e+00
5.200174087058017314e+00
5.200174087058017314e+00
5.200174087058017314e+00
5.506993883485018060e+00
5.506993883485018060e+00
5.506993883485018060e+00
5.506993883485018060e+00
5.608311306474009328e+00
5.027156697123548845e+00
5.027156697123548845e+00
4.582434792049407513e+00
4.613201422530361917e+00
5.765486897324668902e+00
6.457935240593444703e+00
6.457935240593444703e+00
6.457935240593444703e+00
6.457935240593444703e+00
6.457935240593444703e+00
5.677203224877623633e+00
5.677203224877623633e+00
5.263909126937910798e+00
5.694041608229508888e+00
5.694041608229508888e+00
5.694041608229508888e+00
5.159343990321526796e+00
5.393467069965033112e+00
5.393467069965033112e+00
5.393467069965033112e+00
5.890037091538362191e+00
5.890037091538362191e+00
5.890037091538362191e+00
5.003732019570362510e+00
5.003732019570362510e+00
5.074219697413496988e+00
4.981400552258910430e+00
5.653740359814082517e+00
5.653740359814082517e+00
5.057333113296706983e+00
5.122808820631187920e+00
5.720216046397724519e+00
4.279013030441961796e+00
4.279013030441961796e+00
4.279013030441961796e+00
4.279013030441961796e+00
4.228493890170387459e+00
4.251224240397931453e+00
5.406815890793074786e+00
5.406815890793074786e+00
5.406815890793074786e+00
5.406815890793074786e+00
5.681859610477031808e+00
5.681859610477031808e+00
5.681859610477031808e+00
5.280115157662803149e+00
6.415946673505493081e+00
6.415946673505493081e+00
6.415946673505493081e+00
6.415946673505493081e+00
6.415946673505493081e+00
6.415946673505493081e+00
6.415946673505493081e+00
6.140455574153226515e+00
6.140455574153226515e+00
6.882716431306541871e+00
7.001229073878637799e+00
6.452310237689224515e+00
6.452310237689224515e+00
4.900856383817625783e+00
5.906094966086946840e+00
4.802046654376820989e+00
4.802046654376820989e+00
5.682271201354471835e+00
6.890585523654594091e+00
6.890585523654594091e+00
6.890585523654594091e+00
7.580429923610827458e+00
7.682889031037026584e+00
7.682889031037026584e+00
6.530998753649341459e+00
6.530998753649341459e+00
4.781579355880550608e+00
4.781579355880550608e+00
4.781579355880550608e+00
4.781579355880550608e+00
4.781579355880550608e+00
4.807438960716466703e+00
4.807438960716466703e+00
4.807438960716466703e+00
5.612598931579009687e+00
5.612598931579009687e+00
5.762922417363684602e+00
5.762922417363684602e+00
5.762922417363684602e+00
5.332213380959441196e+00
5.332213380959441196e+00
6.044322861940434777e+00
6.681567129508223957e+00
6.899840117282280083e+00
6.899840117282280083e+00
6.899840117282280083e+00
7.376682821400926571e+00
7.246877750280282804e+00
7.246877750280282804e+00
5.538937647791872365e+00
5.538937647791872365e+00
4.928361348692607891e+00
4.928361348692607891e+00
4.672892920806979156e+00
4.672892920806979156e+00
4.651052709044133593e+00
6.060451661854910910e+00
6.060451661854910910e+00
6.060451661854910910e+00
6.060451661854910910e+00
6.439450679535540623e+00
6.439450679535540623e+00
6.439450679535540623e+00
5.903989995172062244e+00
5.903989995172062244e+00
5.405171576686095491e+00
5.405171576686095491e+00
5.405171576686095491e+00
5.405171576686095491e+00
5.097432474080702214e+00
5.097432474080702214e+00
5.858340880383875238e+00
5.959859336666284868e+00
5.959859336666284868e+00
5.959859336666284868e+00
5.959859336666284868e+00
5.711483809556312963e+00
5.711483809556312963e+00
5.711483809556312963e+00
5.711483809556312963e+00
5.560425967077815557e+00
5.422413279950328402e+00
5.960922336914366682e+00
5.960922336914366682e+00
5.960922336914366682e+00
5.960922336914366682e+00
5.960922336914366682e+00
5.223511485732633908e+00
6.406418342497091523e+00
6.406418342497091523e+00
6.406418342497091523e+00
5.839681483011260887e+00
6.462363504064568609e+00
6.462363504064568609e+00
5.729578162545050368e+00
5.641667399472778399e+00
6.713178528142755397e+00
6.632208700920652511e+00
6.632208700920652511e+00
6.632208700920652511e+00
6.632208700920652511e+00
5.315937319096512681e+00
5.315937319096512681e+00
6.490957660320833433e+00
6.490957660320833433e+00
5.884754725054442304e+00
5.218196202765718716e+00
5.218196202765718716e+00
6.059248388366821558e+00
6.059248388366821558e+00
6.059248388366821558e+00
6.039199324154311377e+00
5.837534732014528771e+00
5.837534732014528771e+00
5.837534732014528771e+00
5.837534732014528771e+00
5.837534732014528771e+00
5.915324041679159706e+00
5.915324041679159706e+00
5.497406859202261131e+00
6.666665714748011951e+00
6.666665714748011951e+00
5.589475874156513591e+00
6.657794176073110748e+00
6.657794176073110748e+00
6.657794176073110748e+00
6.657794176073110748e+00
5.577515106376885967e+00
6.485580809381790601e+00
6.485580809381790601e+00
5.711330344125689962e+00
4.685367115402910621e+00
7.328458078028579514e+00
4.791220296990676530e+00
4.791220296990676530e+00
4.791220296990676530e+00
5.572358938496960512e+00
6.481811428217579163e+00
5.442276143268466093e+00
5.317505163634808518e+00
5.317505163634808518e+00
5.317505163634808518e+00
5.317505163634808518e+00
5.444634543261209991e+00
5.592052232402131118e+00
5.592052232402131118e+00
5.592052232402131118e+00
5.421279214746075326e+00
5.421279214746075326e+00
5.421279214746075326e+00
5.421279214746075326e+00
5.262434750039729714e+00
5.262434750039729714e+00
6.584865967981676782e+00
6.584865967981676782e+00
6.584865967981676782e+00
6.584865967981676782e+00
6.584865967981676782e+00
6.127582617655257913e+00
5.658669734750837677e+00
7.168562505794443318e+00
7.022428988204713285e+00
7.022428988204713285e+00
7.167360349383355533e+00
6.635870989263549902e+00
4.457662273787038387e+00
4.457662273787038387e+00
4.457662273787038387e+00
4.443700744203455066e+00
4.443700744203455066e+00
4.603848010720250628e+00
4.603848010720250628e+00
4.603848010720250628e+00
4.603848010720250628e+00
4.603848010720250628e+00
4.603848010720250628e+00
4.772773861998759415e+00
4.772773861998759415e+00
4.772773861998759415e+00
4.772773861998759415e+00
4.772773861998759415e+00
6.530605392052647673e+00
6.530605392052647673e+00
6.330272664666671822e+00
6.330272664666671822e+00
6.330272664666671822e+00
6.330272664666671822e+00
6.330272664666671822e+00
5.433873983502352623e+00
6.863603777209771550e+00
6.863603777209771550e+00
6.863603777209771550e+00
6.863603777209771550e+00
6.863603777209771550e+00
6.863603777209771550e+00
7.285434779789845550e+00
5.794395127054549732e+00
5.794395127054549732e+00
5.794395127054549732e+00
6.401123445504930842e+00
6.401123445504930842e+00
6.095103291605464157e+00
6.095103291605464157e+00
6.095103291605464157e+00
4.407831050621055624e+00
4.691549132495235419e+00
4.691549132495235419e+00
4.691549132495235419e+00
4.729811406134613705e+00
4.729811406134613705e+00
4.729811406134613705e+00
5.040494082666782560e+00
6.594735354324765098e+00
6.594735354324765098e+00
5.712687130222525944e+00
5.712687130222525944e+00
5.691520208472892861e+00
5.901779747055211800e+00
5.901779747055211800e+00
6.216452894117285410e+00
6.439962371811152053e+00
6.439962371811152053e+00
6.160027574072317158e+00
5.588666920909109770e+00
5.588666920909109770e+00
5.588666920909109770e+00
6.485602125398787443e+00
6.485602125398787443e+00
7.064589410047778628e+00
6.768275419804742121e+00
5.746406455724917706e+00
5.746406455724917706e+00
6.846641207761145154e+00
4.930763828669889826e+00
6.294479201485717823e+00
6.719643793918486985e+00
7.386287440056424458e+00
7.178463659750916825e+00
7.178463659750916825e+00
6.709370722041229307e+00
7.105523233604970734e+00
7.105523233604970734e+00
7.105523233604970734e+00
6.836203112359639178e+00
6.929814599487455595e+00
6.870481634667155113e+00
6.870481634667155113e+00
6.979806771921149178e+00
6.979806771921149178e+00
6.979806771921149178e+00
6.429619364743202503e+00
6.429619364743202503e+00
6.429619364743202503e+00
6.429619364743202503e+00
6.605087193793432121e+00
7.219315282178961013e+00
5.218196092571472988e+00
6.039122658282050971e+00
6.039122658282050971e+00
6.039122658282050971e+00
6.039122658282050971e+00
6.666899118160719340e+00
6.359007841775932590e+00
5.964547597696983949e+00
5.964547597696983949e+00
5.964547597696983949e+00
5.964547597696983949e+00
5.964547597696983949e+00
5.964547597696983949e+00
5.964547597696983949e+00
5.964547597696983949e+00
5.964547597696983949e+00
5.964547597696983949e+00
5.964547597696983949e+00
5.855453221454688162e+00
5.442065557638355422e+00
5.442065557638355422e+00
5.087688156169828169e+00
5.087688156169828169e+00
5.087688156169828169e+00
5.768478903753788245e+00
5.768478903753788245e+00
5.768478903753788245e+00
5.768478903753788245e+00
5.768478903753788245e+00
5.768478903753788245e+00
6.061720709481313918e+00
6.061720709481313918e+00
6.061720709481313918e+00
6.061720709481313918e+00
6.061720709481313918e+00
6.061720709481313918e+00
6.061720709481313918e+00
6.314090745112003411e+00
6.314090745112003411e+00
6.314090745112003411e+00
4.722433020247152058e+00
4.642546969400507706e+00
4.642546969400507706e+00
5.759797459242630424e+00
4.984371009263989016e+00
6.010664009830484211e+00
6.010664009830484211e+00
4.988329689831914493e+00
4.988329689831914493e+00
4.988329689831914493e+00
4.988329689831914493e+00
4.988329689831914493e+00
6.010922325377658915e+00
6.010922325377658915e+00
5.667592847516700338e+00
6.153057366943012418e+00
6.043935372677800899e+00
5.852817484886809751e+00
5.669402369314027190e+00
6.132368171813717517e+00
6.132368171813717517e+00
6.132368171813717517e+00
5.494313004857167115e+00
4.435350751703182937e+00
4.435350751703182937e+00
4.435350751703182937e+00
4.435350751703182937e+00
4.435350751703182937e+00
4.435350751703182937e+00
6.996156323746853367e+00
6.977725405927173163e+00
4.933942532187110430e+00
4.592125998303494328e+00
4.821359316847726006e+00
4.821359316847726006e+00
6.015964131113198832e+00
5.898247580370168386e+00
5.898247580370168386e+00
4.982531019680697781e+00
5.602737580451701227e+00
6.207409484818025902e+00
6.207409484818025902e+00
6.504204858131480194e+00
6.504204858131480194e+00
5.978735299478708853e+00
5.978735299478708853e+00
5.978735299478708853e+00
5.978735299478708853e+00
5.978735299478708853e+00
5.978735299478708853e+00
5.978735299478708853e+00
5.978735299478708853e+00
5.214556787268856297e+00
4.740863000430662666e+00
4.740863000430662666e+00
4.740863000430662666e+00
4.740863000430662666e+00
6.238875170590073793e+00
5.469165313074329404e+00
5.469165313074329404e+00
5.469165313074329404e+00
5.469165313074329404e+00
6.811950221145899320e+00
6.811950221145899320e+00
6.542723225900410000e+00
6.542723225900410000e+00
5.392025173342030797e+00
5.567587006769431746e+00
5.283581106601761945e+00
5.885699396750273316e+00
5.885699396750273316e+00
5.885699396750273316e+00
6.589339378284701176e+00
6.188674684315690122e+00
6.058480012752674781e+00
6.058480012752674781e+00
6.058480012752674781e+00
6.058480012752674781e+00
5.199059970747677006e+00
6.909974276765507462e+00
6.909974276765507462e+00
6.909974276765507462e+00
6.909974276765507462e+00
5.673206568199107735e+00
5.673206568199107735e+00
5.673206568199107735e+00
5.104915705902425493e+00
5.104915705902425493e+00
5.706059236990326688e+00
5.706059236990326688e+00
5.343867304878834545e+00
5.343867304878834545e+00
5.343867304878834545e+00
5.343867304878834545e+00
6.492255149367959000e+00
6.006730303460133591e+00
5.632486334825213881e+00
5.293134276160821550e+00
5.293134276160821550e+00
4.971058545047934984e+00
4.971058545047934984e+00
6.204847305198334162e+00
6.536268898890337020e+00
6.189466841517982765e+00
6.105060002678693643e+00
6.105060002678693643e+00
6.105060002678693643e+00
6.105060002678693643e+00
6.042510846768980315e+00
5.757519175223453800e+00
